[mySettings]
Mixer_inhouse_1=65
PID_forward_gain=1.000000000
PID_forward_offset=0.000000000
PID_par_cvl=20
PID_par_cvu=35
PID_par_d=99.990000000
PID_par_i=0.001800000
PID_par_p=1.000000000
PID_par_tau_d=1200
PID_par_tau_i=5
PID_update_strobe=120
auto_off_actual=22
auto_off_outside=13.500000000
day_houer_profile_0=-3
day_houer_profile_1=-3
day_houer_profile_10=0
day_houer_profile_11=0
day_houer_profile_12=0
day_houer_profile_13=0
day_houer_profile_14=0
day_houer_profile_15=0
day_houer_profile_16=-1
day_houer_profile_17=-1
day_houer_profile_18=-1
day_houer_profile_19=0
day_houer_profile_2=-3
day_houer_profile_20=0
day_houer_profile_21=0
day_houer_profile_22=0
day_houer_profile_23=0
day_houer_profile_3=-3
day_houer_profile_4=-3
day_houer_profile_5=-4
day_houer_profile_6=-4
day_houer_profile_7=-1
day_houer_profile_8=0
day_houer_profile_9=0
high_temp_hot_w_th_b=60
hot_w_low_threshold_b=25
max_water_top=70.000000000
min_water_top=56.000000000
overh_solar_exchanger=83.000000000
overh_water_top=75.000000000
pump3_thres=17.000000000
shunt2_auto_off=3600
shunt2_cvl_par=-100.000000000
shunt2_cvu_par=100.000000000
shunt2_d_par=2500.000000000
shunt2_gain=1.000000000
shunt2_hyst=0.100000000
shunt2_i_par=0.000000000
shunt2_tau_d=2500.000000000
shunt2_tau_i=0.000000000
shunt3_cvl_par=-100.000000000
shunt3_cvu_par=100.000000000
shunt3_d_par=2500.000000000
shunt3_gain=1.000000000
shunt3_hyst=0.100000000
shunt3_i_par=0.000000000
shunt3_tau_d=2500.000000000
shunt3_tau_i=0.000000000
shunt3_temperatur_setpoint=62.000000000
solar_diff_off=3.000000000
solar_diff_on=5.000000000
temp_connection_matrix0=3
temp_connection_matrix1=7
temp_connection_matrix2=5
temp_connection_matrix3=10
temp_connection_matrix4=2
temp_connection_matrix5=1
temp_connection_matrix6=4
temp_connection_matrix7=8
temp_connection_matrix8=10
temp_connection_matrix9=6
temp_setp_1=19.000000000
